6078
6086
6102
6143
6159
6159
6192
6216
6257
6273
6273
6273
6273
6273
6290
6290
6290
6290
6290
6290
6290
6290
6290
6290
6290
6290
6290
6290
6290
6290
6290
6290
6290
6314
6322
6322
6322
6322
6322
6322
6339
6355
6371
6379
6379
6387
6387
6387
6387
6387
6387
6387
6387
6387
6387
6387
6387
6387
6387
6387
6387
6387
6387
6387
6387
6387
6387
6387
6387
6387
6387
6387
6387
6387
6387
6387
6387
6387
6387
6387
6387
6387
6387
6387
6387
6387
6387
6387
6387
6387
6387
6387
6387
6387
6387
6387
6387
6387
6387
6387
6387
6387
6387
6387
6387
6387
6387
6387
6387
6387
6387
6387
6387
6387
6387
6387
6387
6387
6387
6387
6387
6387
6387
6387
6387
6387
6387
6387
6387
6387
6387
6387
6387
6387
6404
6428
6444
6461
6461
6461
6469
6493
6493
6502
6510
6510
6510
6510
6510
6510
6510
6510
6510
6510
6542
6567
6575
6575
6575
6575
6575
6575
6575
6591
6591
6591
6591
6591
6591
6591
6591
6591
6591
6591
6591
6591
6591
6591
6591
6591
6591
6591
6591
6591
6591
6591
6591
6591
6591
6591
6591
6591
6591
6591
6591
6591
6591
6591
6591
6591
6591
6591
6591
6591
6591
6591
6591
6591
6591
6591
6591
6591
6591
6591
6591
6591
6591
6591
6591
6591
6591
6591
6591
6591
6591
6591
6591
6591
6591
6591
6591
6591
6591
6591
6591
6591
6591
6591
6591
6591
6591
6591
6591
6591
6591
6591
6591
6591
6591
6591
6591
6591
6591
6591
6591
6591
6591
6591
6591
6591
6591
6664
6770
6819
6844
6844
6844
6844
6884
6901
6901
6901
6901
6901
6901
6901
6901
6901
6901
6901
6901
6901
6901
6901
6901
6901
6901
6901
6901
6901
6901
6901
6901
6901
6901
6901
6901
6901
6901
6901
6901
6901
6901
6901
6901
6901
6901
6901
6901
6901
6901
6901
6868
6852
6844
6827
6803
6803
6803
6803
6787
6770
6738
6730
6713
6673
6616
6550
6534
6510
6453
6412
6396
6363
6339
6306
6257
6208
6159
6078
6029
5964
5948
5915
5866
5817
5744
5703
5662
5589
5483
5394
5247
5027
4897
4831
4799
4742
4693
4652
4652
4652
4652
4611
4587
4579
4579
4579
4571
4563
4554
4546
4546
4546
4546
4546
4546
4546
4546
4546
4546
4546
4546
4546
4546
4546
4546
4546
4546
4546
4546
4546
4546
4546
4546
4546
4546
4546
4546
4546
4546
4546
4546
4546
4546
4546
4546
4546
4546
4546
4546
4546
4546
4546
4546
4546
4546
4546
4546
4546
4546
4546
4546
4546
4546
4546
4546
4546
4546
4546
4546
4546
4546
4546
4546
4546
4546
4546
4546
4546
4546
4546
4546
4595
4685
4709
4709
4709
4750
4750
4783
4783
4783
4758
4685
4660
4644
4628
4620
4620
4595
4595
4595
4595
4595
4644
4677
4709
4750
4783
4807
4807
4831
4880
4913
4937
4954
4970
5003
5060
5092
5108
5141
5182
5206
5263
5296
5328
5328
5328
5271
5174
5117
5068
4986
4913
4840
4783
4750
4717
4685
4652
4636
4611
4595
4563
4546
4514
4497
4481
4457
4449
4449
4449
4440
4432
4432
4432
4416
4392
4375
4375
4367
4359
4335
4310
4277
4261
4261
4261
4261
4261
4261
4261
4261
4261
4261
4261
4261
4261
4261
4261
4261
4261
4261
4261
4261
4261
4261
4261
4261
4261
4261
4261
4261
4261
4261
4261
4261
4261
4261
4261
4261
4269
4408
4473
4514
4563
4563
4579
4620
4652
4693
4709
4734
4750
4766
4799
4888
4929
4929
4970
4994
5060
5068
5068
5068
5068
5035
4986
4970
4954
4848
4815
4791
4783
4750
4693
4669
4644
4611
4611
4563
4554
4522
4506
4481
4473
4465
4465
4465
4465
4465
4465
4465
4465
4465
4465
4465
4465
4489
4514
4546
4579
4595
4595
4530
4497
4481
4465
4440
4440
4440
4440
4440
4440
4440
4432
4416
4400
4383
4343
4318
4310
4294
4294
4294
4294
4294
4294
4294
4294
4294
4294
4294
4294
4294
4294
4294
4294
4294
4294
4294
4294
4294
4294
4294
4294
4294
4294
4294
4294
4294
4294
4294
4294
4294
4294
4294
4294
4294
4294
4294
4294
4294
4294
4294
4294
4294
4294
4294
4294
4294
4294
4294
4261
4245
4220
4212
4204
4196
4188
4155
4155
4155
4155
4188
4245
4318
4343
4351
4392
4392
4440
4497
4497
4514
4538
4571
4628
4669
4701
4701
4709
4742
4766
4840
4888
4897
4897
4897
4864
4717
4701
4644
4587
4538
4506
4481
4449
4424
4400
4367
4367
4343
4343
4335
4310
4294
4294
4286
4277
4269
4261
4261
4261
4294
4302
4326
4375
4400
4400
4424
4424
4424
4424
4424
4424
4424
4424
4424
4465
4473
4506
4522
4530
4530
4530
4530
4538
4554
4554
4554
4554
4554
4563
4563
4563
4563
4563
4554
4538
4530
4530
4506
4506
4506
4506
4506
4465
4465
4457
4457
4457
4457
4457
4457
4457
4457
4457
4457
4457
4457
4457
4457
4457
4457
4457
4457
4457
4457
4457
4457
4457
4457
4457
4457
4457
4457
4457
4457
4473
4489
4506
4530
4603
4807
4970
4986
5043
5108
5157
5198
5255
5271
5296
5337
5361
5369
5385
5402
5418
5467
5499
5524
5589
5589
5605
5622
5654
5695
5719
5744
5768
5809
5899
6029
6200
6265
6298
6322
6347
6387
6420
6461
6502
6526
6599
6607
6607
6607
6607
6607
6640
6673
6705
6705
6721
6738
6738
6738
6738
6746
6803
6803
6803
6803
6811
6827
6827
6827
6844
6844
6844
6844
6844
6868
6901
6933
6966
6990
6998
7015
7023
7047
7072
7104
7194
7259
7275
7292
7308
7324
7324
7324
7324
7324
7332
7373
7373
7373
7373
7373
7373
7373
7373
7332
7275
7186
7145
7080
6958
6893
6860
6852
6852
6852
6933
7080
7210
7275
7316
7332
7332
7365
7381
7390
7390
7390
7414
7455
7479
7479
7479
7479
7479
7479
7479
7479
7479
7479
7479
7479
7479
7479
7479
7479
7479
7479
7479
7479
7495
7528
7528
7528
7528
7528
7528
7528
7528
7528
7528
7528
7528
7528
7528
7528
7528
7520
7455
7406
7332
7284
7186
7129
7096
7064
7023
7007
6990
6966
6950
6925
6909
6893
6868
6852
6852
6836
6811
6787
6770
6762
6762
6779
6844
6909
6974
7080
7137
7170
7210
7235
7251
7275
7292
7292
7341
7365
7390
7406
7430
7455
7495
7536
7544
7544
7544
7544
7561
7569
7569
7585
7585
7593
7609
7609
7609
7609
7618
7618
7618
7618
7618
7618
7618
7618
7618
7618
7618
7618
7618
7618
7618
7618
7618
7618
7618
7618
7618
7618
7618
7618
7618
7618
7618
7618
7618
7618
7618
7618
7618
7618
7618
7618
7593
7422
7332
7243
7194
7121
7064
6852
6705
6599
6502
6493
6485
6485
6485
6485
6485
6485
6461
6428
6355
6298
6241
6192
6078
5980
5956
5923
5899
5874
5833
5744
5646
5508
5394
5255
5133
5092
4986
4905
4856
4734
4669
4571
4530
4481
4416
4392
4375
4375
4375
4375
4375
4375
4375
4375
4375
4375
4375
4375
4375
4375
4375
4375
4375
4375
4375
4375
4375
4375
4375
4375
4375
4375
4375
4375
4375
4383
4408
4440
4457
4457
4465
4481
4481
4481
4506
4514
4546
4563
4620
4636
4644
4644
4644
4644
4677
4709
4750
4848
4864
4864
4880
4897
4913
4937
4954
5003
5182
5206
5206
5231
5231
5231
5247
5247
5247
5247
5214
4962
4823
4815
4815
4815
4815
4815
4815
4815
4815
4831
4864
4937
5011
5027
5051
5076
5076
5076
5076
5076
5076
5076
5076
5076
5076
5076
5076
5076
5076
5076
5076
5076
5076
5076
5076
5076
5076
5076
5076
5076
5076
5076
5076
5076
5076
5076
5076
5076
5076
5076
5076
5092
5100
5100
5108
5133
5182
5182
5198
5222
5328
5467
5516
5671
5711
5793
5923
5964
6013
6062
6110
6192
6216
6257
6290
6371
6461
6510
6518
6550
6624
6664
6664
6664
6689
6738
6762
6762
6803
6819
6860
6876
6876
6876
6884
6901
6917
6941
6958
6982
7015
7137
7186
7186
7186
7186
7186
7186
7186
7210
7218
7235
7251
7267
7267
7267
7275
7284
7284
7284
7284
7284
7284
7284
7284
7284
7284
7284
7284
7284
7284
7284
7284
7284
7284
7284
7235
7121
6933
6901
6803
6803
6803
6811
6844
6884
6909
6925
6925
6925
6836
6836
6836
6819
6795
6795
6795
6795
6803
6819
6819
6819
6803
6762
6583
6396
6216
6110
6062
6045
5972
5907
5744
5581
5483
5394
5337
5288
5255
5141
5108
5108
5108
5108
5108
5108
5108
5108
5108
5108
5108
5108
5108
5108
5108
5108
5108
5108
5108
5108
5108
5108
5108
5108
5108
5108
5108
5108
5108
5108
4685
4652
4644
4644
4644
4644
4644
4636
4636
4636
4620
4603
4579
4546
4514
4497
4481
4457
4440
4424
4424
4424
4424
4424
4424
4424
4424
4424
4424
4424
4424
4424
4424
4424
4424
4424
4424
4424
4424
4424
4424
4424
4424
4424
4440
4440
4440
4440
4457
4457
4457
4457
4457
4457
4457
4457
4457
4457
4457
4457
4457
4457
4465
4481
4481
4481
4489
4506
4579
4774
4840
4880
4921
4978
5060
5125
5149
5157
5190
5222
5280
5402
5508
5654
5785
5923
5939
5964
5988
6005
6045
6086
6151
6216
6257
6290
6290
6306
6322
6347
6347
6347
6363
6387
6412
6444
6469
6493
6550
6599
6624
6673
6713
6754
6795
6827
6868
6917
6998
7064
7113
7202
7243
7308
7373
7381
7398
7398
7398
7398
7398
7398
7398
7398
7398
7430
7447
7447
7471
7471
7471
7479
7495
7495
7504
7504
7504
7504
7512
7512
7512
7512
7512
7512
7544
7561
7569
7601
7601
7601
7601
7601
7601
7601
7601
7601
7601
7601
7601
7601
7601
7601
7601
7601
7601
7601
7601
7601
7601
7601
7601
7601
7601
7601
7601
7601
7601
7601
7601
7601
7601
7601
7601
7601
7601
7601
7601
7601
7601
