6078
6078
6078
5922
5922
5922
6086
6086
6086
5914
5914
5914
6102
6102
6102
5898
5898
5898
6143
6143
6143
5857
5857
5857
6159
6159
6159
5841
5841
5841
6159
6159
6159
5841
5841
5841
6192
6192
6192
5808
5808
5808
6216
6216
6216
5784
5784
5784
6257
6257
6257
5743
5743
5743
6273
6273
6273
5727
5727
5727
6273
6273
6273
5727
5727
5727
6273
6273
6273
5727
5727
5727
6273
6273
6273
5727
5727
5727
6273
6273
6273
5727
5727
5727
6290
6290
6290
5710
5710
5710
6290
6290
6290
5710
5710
5710
6290
6290
6290
5710
5710
5710
6290
6290
6290
5710
5710
5710
6290
6290
6290
5710
5710
5710
6290
6290
6290
5710
5710
5710
6290
6290
6290
5710
5710
5710
6290
6290
6290
5710
5710
5710
6290
6290
6290
5710
5710
5710
6290
6290
6290
5710
5710
5710
6290
6290
6290
5710
5710
5710
6290
6290
6290
5710
5710
5710
6290
6290
6290
5710
5710
5710
6290
6290
6290
5710
5710
5710
6290
6290
6290
5710
5710
5710
6290
6290
6290
5710
5710
5710
6290
6290
6290
5710
5710
5710
6290
6290
6290
5710
5710
5710
6290
6290
6290
5710
5710
5710
6314
6314
6314
5686
5686
5686
6322
6322
6322
5678
5678
5678
6322
6322
6322
5678
5678
5678
6322
6322
6322
5678
5678
5678
6322
6322
6322
5678
5678
5678
6322
6322
6322
5678
5678
5678
6322
6322
6322
5678
5678
5678
6339
6339
6339
5661
5661
5661
6355
6355
6355
5645
5645
5645
6371
6371
6371
5629
5629
5629
6379
6379
6379
5621
5621
5621
6379
6379
6379
5621
5621
5621
6387
6387
6387
5613
5613
5613
6387
6387
6387
5613
5613
5613
6387
6387
6387
5613
5613
5613
6387
6387
6387
5613
5613
5613
6387
6387
6387
5613
5613
5613
6387
6387
6387
5613
5613
5613
6387
6387
6387
5613
5613
5613
6387
6387
6387
5613
5613
5613
6387
6387
6387
5613
5613
5613
6387
6387
6387
5613
5613
5613
6387
6387
6387
5613
5613
5613
6387
6387
6387
5613
5613
5613
6387
6387
6387
5613
5613
5613
6387
6387
6387
5613
5613
5613
6387
6387
6387
5613
5613
5613
6387
6387
6387
5613
5613
5613
6387
6387
6387
5613
5613
5613
6387
6387
6387
5613
5613
5613
6387
6387
6387
5613
5613
5613
6387
6387
6387
5613
5613
5613
6387
6387
6387
5613
5613
5613
6387
6387
6387
5613
5613
5613
6387
6387
6387
5613
5613
5613
6387
6387
6387
5613
5613
5613
6387
6387
6387
5613
5613
5613
6387
6387
6387
5613
5613
5613
6387
6387
6387
5613
5613
5613
6387
6387
6387
5613
5613
5613
6387
6387
6387
5613
5613
5613
6387
6387
6387
5613
5613
5613
6387
6387
6387
5613
5613
5613
6387
6387
6387
5613
5613
5613
6387
6387
6387
5613
5613
5613
6387
6387
6387
5613
5613
5613
6387
6387
6387
5613
5613
5613
6387
6387
6387
5613
5613
5613
6387
6387
6387
5613
5613
5613
6387
6387
6387
5613
5613
5613
6387
6387
6387
5613
5613
5613
6387
6387
6387
5613
5613
5613
6387
6387
6387
5613
5613
5613
6387
6387
6387
5613
5613
5613
6387
6387
6387
5613
5613
5613
6387
6387
6387
5613
5613
5613
6387
6387
6387
5613
5613
5613
6387
6387
6387
5613
5613
5613
6387
6387
6387
5613
5613
5613
6387
6387
6387
5613
5613
5613
6387
6387
6387
5613
5613
5613
6387
6387
6387
5613
5613
5613
6387
6387
6387
5613
5613
5613
6387
6387
6387
5613
5613
5613
6387
6387
6387
5613
5613
5613
6387
6387
6387
5613
5613
5613
6387
6387
6387
5613
5613
5613
6387
6387
6387
5613
5613
5613
6387
6387
6387
5613
5613
5613
6387
6387
6387
5613
5613
5613
6387
6387
6387
5613
5613
5613
6387
6387
6387
5613
5613
5613
6387
6387
6387
5613
5613
5613
6387
6387
6387
5613
5613
5613
6387
6387
6387
5613
5613
5613
6387
6387
6387
5613
5613
5613
6387
6387
6387
5613
5613
5613
6387
6387
6387
5613
5613
5613
6387
6387
6387
5613
5613
5613
6387
6387
6387
5613
5613
5613
6387
6387
6387
5613
5613
5613
6387
6387
6387
5613
5613
5613
6387
6387
6387
5613
5613
5613
6387
6387
6387
5613
5613
5613
6387
6387
6387
5613
5613
5613
6387
6387
6387
5613
5613
5613
6387
6387
6387
5613
5613
5613
6387
6387
6387
5613
5613
5613
6387
6387
6387
5613
5613
5613
6387
6387
6387
5613
5613
5613
6387
6387
6387
5613
5613
5613
6387
6387
6387
5613
5613
5613
6387
6387
6387
5613
5613
5613
6387
6387
6387
5613
5613
5613
6387
6387
6387
5613
5613
5613
6387
6387
6387
5613
5613
5613
6387
6387
6387
5613
5613
5613
6387
6387
6387
5613
5613
5613
6387
6387
6387
5613
5613
5613
6387
6387
6387
5613
5613
5613
6387
6387
6387
5613
5613
5613
6404
6404
6404
5596
5596
5596
6428
6428
6428
5572
5572
5572
6444
6444
6444
5556
5556
5556
6461
6461
6461
5539
5539
5539
6461
6461
6461
5539
5539
5539
6461
6461
6461
5539
5539
5539
6469
6469
6469
5531
5531
5531
6493
6493
6493
5507
5507
5507
6493
6493
6493
5507
5507
5507
6502
6502
6502
5498
5498
5498
6510
6510
6510
5490
5490
5490
6510
6510
6510
5490
5490
5490
6510
6510
6510
5490
5490
5490
6510
6510
6510
5490
5490
5490
6510
6510
6510
5490
5490
5490
6510
6510
6510
5490
5490
5490
6510
6510
6510
5490
5490
5490
6510
6510
6510
5490
5490
5490
6510
6510
6510
5490
5490
5490
6510
6510
6510
5490
5490
5490
6542
6542
6542
5458
5458
5458
6567
6567
6567
5433
5433
5433
6575
6575
6575
5425
5425
5425
6575
6575
6575
5425
5425
5425
6575
6575
6575
5425
5425
5425
6575
6575
6575
5425
5425
5425
6575
6575
6575
5425
5425
5425
6575
6575
6575
5425
5425
5425
6575
6575
6575
5425
5425
5425
6591
6591
6591
5409
5409
5409
6591
6591
6591
5409
5409
5409
6591
6591
6591
5409
5409
5409
6591
6591
6591
5409
5409
5409
6591
6591
6591
5409
5409
5409
6591
6591
6591
5409
5409
5409
6591
6591
6591
5409
5409
5409
6591
6591
6591
5409
5409
5409
6591
6591
6591
5409
5409
5409
6591
6591
6591
5409
5409
5409
6591
6591
6591
5409
5409
5409
6591
6591
6591
5409
5409
5409
6591
6591
6591
5409
5409
5409
6591
6591
6591
5409
5409
5409
6591
6591
6591
5409
5409
5409
6591
6591
6591
5409
5409
5409
6591
6591
6591
5409
5409
5409
6591
6591
6591
5409
5409
5409
6591
6591
6591
5409
5409
5409
6591
6591
6591
5409
5409
5409
6591
6591
6591
5409
5409
5409
6591
6591
6591
5409
5409
5409
6591
6591
6591
5409
5409
5409
6591
6591
6591
5409
5409
5409
6591
6591
6591
5409
5409
5409
6591
6591
6591
5409
5409
5409
6591
6591
6591
5409
5409
5409
6591
6591
6591
5409
5409
5409
6591
6591
6591
5409
5409
5409
6591
6591
6591
5409
5409
5409
6591
6591
6591
5409
5409
5409
6591
6591
6591
5409
5409
5409
6591
6591
6591
5409
5409
5409
6591
6591
6591
5409
5409
5409
6591
6591
6591
5409
5409
5409
6591
6591
6591
5409
5409
5409
6591
6591
6591
5409
5409
5409
6591
6591
6591
5409
5409
5409
6591
6591
6591
5409
5409
5409
6591
6591
6591
5409
5409
5409
6591
6591
6591
5409
5409
5409
6591
6591
6591
5409
5409
5409
6591
6591
6591
5409
5409
5409
6591
6591
6591
5409
5409
5409
6591
6591
6591
5409
5409
5409
6591
6591
6591
5409
5409
5409
6591
6591
6591
5409
5409
5409
6591
6591
6591
5409
5409
5409
6591
6591
6591
5409
5409
5409
6591
6591
6591
5409
5409
5409
6591
6591
6591
5409
5409
5409
6591
6591
6591
5409
5409
5409
6591
6591
6591
5409
5409
5409
6591
6591
6591
5409
5409
5409
6591
6591
6591
5409
5409
5409
6591
6591
6591
5409
5409
5409
6591
6591
6591
5409
5409
5409
6591
6591
6591
5409
5409
5409
6591
6591
6591
5409
5409
5409
6591
6591
6591
5409
5409
5409
6591
6591
6591
5409
5409
5409
6591
6591
6591
5409
5409
5409
6591
6591
6591
5409
5409
5409
6591
6591
6591
5409
5409
5409
6591
6591
6591
5409
5409
5409
6591
6591
6591
5409
5409
5409
6591
6591
6591
5409
5409
5409
6591
6591
6591
5409
5409
5409
6591
6591
6591
5409
5409
5409
6591
6591
6591
5409
5409
5409
6591
6591
6591
5409
5409
5409
6591
6591
6591
5409
5409
5409
6591
6591
6591
5409
5409
5409
6591
6591
6591
5409
5409
5409
6591
6591
6591
5409
5409
5409
6591
6591
6591
5409
5409
5409
6591
6591
6591
5409
5409
5409
6591
6591
6591
5409
5409
5409
6591
6591
6591
5409
5409
5409
6591
6591
6591
5409
5409
5409
6591
6591
6591
5409
5409
5409
6591
6591
6591
5409
5409
5409
6591
6591
6591
5409
5409
5409
6591
6591
6591
5409
5409
5409
6591
6591
6591
5409
5409
5409
6591
6591
6591
5409
5409
5409
6591
6591
6591
5409
5409
5409
6591
6591
6591
5409
5409
5409
6591
6591
6591
5409
5409
5409
6591
6591
6591
5409
5409
5409
6591
6591
6591
5409
5409
5409
6591
6591
6591
5409
5409
5409
6591
6591
6591
5409
5409
5409
6591
6591
6591
5409
5409
5409
6591
6591
6591
5409
5409
5409
6591
6591
6591
5409
5409
5409
6591
6591
6591
5409
5409
5409
6591
6591
6591
5409
5409
5409
6664
6664
6664
5336
5336
5336
6770
6770
6770
5230
5230
5230
6819
6819
6819
5181
5181
5181
6844
6844
6844
5156
5156
5156
6844
6844
6844
5156
5156
5156
6844
6844
6844
5156
5156
5156
6844
6844
6844
5156
5156
5156
6884
6884
6884
5116
5116
5116
6901
6901
6901
5099
5099
5099
6901
6901
6901
5099
5099
5099
6901
6901
6901
5099
5099
5099
6901
6901
6901
5099
5099
5099
6901
6901
6901
5099
5099
5099
6901
6901
6901
5099
5099
5099
6901
6901
6901
5099
5099
5099
6901
6901
6901
5099
5099
5099
6901
6901
6901
5099
5099
5099
6901
6901
6901
5099
5099
5099
6901
6901
6901
5099
5099
5099
6901
6901
6901
5099
5099
5099
6901
6901
6901
5099
5099
5099
6901
6901
6901
5099
5099
5099
6901
6901
6901
5099
5099
5099
6901
6901
6901
5099
5099
5099
6901
6901
6901
5099
5099
5099
6901
6901
6901
5099
5099
5099
6901
6901
6901
5099
5099
5099
6901
6901
6901
5099
5099
5099
6901
6901
6901
5099
5099
5099
6901
6901
6901
5099
5099
5099
6901
6901
6901
5099
5099
5099
6901
6901
6901
5099
5099
5099
6901
6901
6901
5099
5099
5099
6901
6901
6901
5099
5099
5099
6901
6901
6901
5099
5099
5099
6901
6901
6901
5099
5099
5099
6901
6901
6901
5099
5099
5099
6901
6901
6901
5099
5099
5099
6901
6901
6901
5099
5099
5099
6901
6901
6901
5099
5099
5099
6901
6901
6901
5099
5099
5099
6901
6901
6901
5099
5099
5099
6901
6901
6901
5099
5099
5099
6901
6901
6901
5099
5099
5099
6901
6901
6901
5099
5099
5099
6901
6901
6901
5099
5099
5099
6901
6901
6901
5099
5099
5099
6901
6901
6901
5099
5099
5099
6901
6901
6901
5099
5099
5099
6901
6901
6901
5099
5099
5099
6901
6901
6901
5099
5099
5099
6868
6868
6868
5132
5132
5132
6852
6852
6852
5148
5148
5148
6844
6844
6844
5156
5156
5156
6827
6827
6827
5173
5173
5173
6803
6803
6803
5197
5197
5197
6803
6803
6803
5197
5197
5197
6803
6803
6803
5197
5197
5197
6803
6803
6803
5197
5197
5197
6787
6787
6787
5213
5213
5213
6770
6770
6770
5230
5230
5230
6738
6738
6738
5262
5262
5262
6730
6730
6730
5270
5270
5270
6713
6713
6713
5287
5287
5287
6673
6673
6673
5327
5327
5327
6616
6616
6616
5384
5384
5384
6550
6550
6550
5450
5450
5450
6534
6534
6534
5466
5466
5466
6510
6510
6510
5490
5490
5490
6453
6453
6453
5547
5547
5547
6412
6412
6412
5588
5588
5588
6396
6396
6396
5604
5604
5604
6363
6363
6363
5637
5637
5637
6339
6339
6339
5661
5661
5661
6306
6306
6306
5694
5694
5694
6257
6257
6257
5743
5743
5743
6208
6208
6208
5792
5792
5792
6159
6159
6159
5841
5841
5841
6078
6078
6078
5922
5922
5922
6029
6029
6029
5971
5971
5971
5964
5964
5964
6036
6036
6036
5948
5948
5948
6052
6052
6052
5915
5915
5915
6085
6085
6085
5866
5866
5866
6134
6134
6134
5817
5817
5817
6183
6183
6183
5744
5744
5744
6256
6256
6256
5703
5703
5703
6297
6297
6297
5662
5662
5662
6338
6338
6338
5589
5589
5589
6411
6411
6411
5483
5483
5483
6517
6517
6517
5394
5394
5394
6606
6606
6606
5247
5247
5247
6753
6753
6753
5027
5027
5027
6973
6973
6973
4897
4897
4897
7103
7103
7103
4831
4831
4831
7169
7169
7169
4799
4799
4799
7201
7201
7201
4742
4742
4742
7258
7258
7258
4693
4693
4693
7307
7307
7307
4652
4652
4652
7348
7348
7348
4652
4652
4652
7348
7348
7348
4652
4652
4652
7348
7348
7348
4652
4652
4652
7348
7348
7348
4611
4611
4611
7389
7389
7389
4587
4587
4587
7413
7413
7413
4579
4579
4579
7421
7421
7421
4579
4579
4579
7421
7421
7421
4579
4579
4579
7421
7421
7421
4571
4571
4571
7429
7429
7429
4563
4563
4563
7437
7437
7437
4554
4554
4554
7446
7446
7446
4546
4546
4546
7454
7454
7454
4546
4546
4546
7454
7454
7454
4546
4546
4546
7454
7454
7454
4546
4546
4546
7454
7454
7454
4546
4546
4546
7454
7454
7454
4546
4546
4546
7454
7454
7454
4546
4546
4546
7454
7454
7454
4546
4546
4546
7454
7454
7454
4546
4546
4546
7454
7454
7454
4546
4546
4546
7454
7454
7454
4546
4546
4546
7454
7454
7454
4546
4546
4546
7454
7454
7454
4546
4546
4546
7454
7454
7454
4546
4546
4546
7454
7454
7454
4546
4546
4546
7454
7454
7454
4546
4546
4546
7454
7454
7454
4546
4546
4546
7454
7454
7454
4546
4546
4546
7454
7454
7454
4546
4546
4546
7454
7454
7454
4546
4546
4546
7454
7454
7454
4546
4546
4546
7454
7454
7454
4546
4546
4546
7454
7454
7454
4546
4546
4546
7454
7454
7454
4546
4546
4546
7454
7454
7454
4546
4546
4546
7454
7454
7454
4546
4546
4546
7454
7454
7454
4546
4546
4546
7454
7454
7454
4546
4546
4546
7454
7454
7454
4546
4546
4546
7454
7454
7454
4546
4546
4546
7454
7454
7454
4546
4546
4546
7454
7454
7454
4546
4546
4546
7454
7454
7454
4546
4546
4546
7454
7454
7454
4546
4546
4546
7454
7454
7454
4546
4546
4546
7454
7454
7454
4546
4546
4546
7454
7454
7454
4546
4546
4546
7454
7454
7454
4546
4546
4546
7454
7454
7454
4546
4546
4546
7454
7454
7454
4546
4546
4546
7454
7454
7454
4546
4546
4546
7454
7454
7454
4546
4546
4546
7454
7454
7454
4546
4546
4546
7454
7454
7454
4546
4546
4546
7454
7454
7454
4546
4546
4546
7454
7454
7454
4546
4546
4546
7454
7454
7454
4546
4546
4546
7454
7454
7454
4546
4546
4546
7454
7454
7454
4546
4546
4546
7454
7454
7454
4546
4546
4546
7454
7454
7454
4546
4546
4546
7454
7454
7454
4546
4546
4546
7454
7454
7454
4546
4546
4546
7454
7454
7454
4546
4546
4546
7454
7454
7454
4546
4546
4546
7454
7454
7454
4546
4546
4546
7454
7454
7454
4546
4546
4546
7454
7454
7454
4546
4546
4546
7454
7454
7454
4546
4546
4546
7454
7454
7454
4546
4546
4546
7454
7454
7454
4546
4546
4546
7454
7454
7454
4546
4546
4546
7454
7454
7454
4546
4546
4546
7454
7454
7454
4546
4546
4546
7454
7454
7454
4546
4546
4546
7454
7454
7454
4546
4546
4546
7454
7454
7454
4546
4546
4546
7454
7454
7454
4546
4546
4546
7454
7454
7454
4546
4546
4546
7454
7454
7454
4546
4546
4546
7454
7454
7454
4546
4546
4546
7454
7454
7454
4546
4546
4546
7454
7454
7454
4595
4595
4595
7405
7405
7405
4685
4685
4685
7315
7315
7315
4709
4709
4709
7291
7291
7291
4709
4709
4709
7291
7291
7291
4709
4709
4709
7291
7291
7291
4750
4750
4750
7250
7250
7250
4750
4750
4750
7250
7250
7250
4783
4783
4783
7217
7217
7217
4783
4783
4783
7217
7217
7217
4783
4783
4783
7217
7217
7217
4758
4758
4758
7242
7242
7242
4685
4685
4685
7315
7315
7315
4660
4660
4660
7340
7340
7340
4644
4644
4644
7356
7356
7356
4628
4628
4628
7372
7372
7372
4620
4620
4620
7380
7380
7380
4620
4620
4620
7380
7380
7380
4595
4595
4595
7405
7405
7405
4595
4595
4595
7405
7405
7405
4595
4595
4595
7405
7405
7405
4595
4595
4595
7405
7405
7405
4595
4595
4595
7405
7405
7405
4644
4644
4644
7356
7356
7356
4677
4677
4677
7323
7323
7323
4709
4709
4709
7291
7291
7291
4750
4750
4750
7250
7250
7250
4783
4783
4783
7217
7217
7217
4807
4807
4807
7193
7193
7193
4807
4807
4807
7193
7193
7193
4831
4831
4831
7169
7169
7169
4880
4880
4880
7120
7120
7120
4913
4913
4913
7087
7087
7087
4937
4937
4937
7063
7063
7063
4954
4954
4954
7046
7046
7046
4970
4970
4970
7030
7030
7030
5003
5003
5003
6997
6997
6997
5060
5060
5060
6940
6940
6940
5092
5092
5092
6908
6908
6908
5108
5108
5108
6892
6892
6892
5141
5141
5141
6859
6859
6859
5182
5182
5182
6818
6818
6818
5206
5206
5206
6794
6794
6794
5263
5263
5263
6737
6737
6737
5296
5296
5296
6704
6704
6704
5328
5328
5328
6672
6672
6672
5328
5328
5328
6672
6672
6672
5328
5328
5328
6672
6672
6672
5271
5271
5271
6729
6729
6729
5174
5174
5174
6826
6826
6826
5117
5117
5117
6883
6883
6883
5068
5068
5068
6932
6932
6932
4986
4986
4986
7014
7014
7014
4913
4913
4913
7087
7087
7087
4840
4840
4840
7160
7160
7160
4783
4783
4783
7217
7217
7217
4750
4750
4750
7250
7250
7250
4717
4717
4717
7283
7283
7283
4685
4685
4685
7315
7315
7315
4652
4652
4652
7348
7348
7348
4636
4636
4636
7364
7364
7364
4611
4611
4611
7389
7389
7389
4595
4595
4595
7405
7405
7405
4563
4563
4563
7437
7437
7437
4546
4546
4546
7454
7454
7454
4514
4514
4514
7486
7486
7486
4497
4497
4497
7503
7503
7503
4481
4481
4481
7519
7519
7519
4457
4457
4457
7543
7543
7543
4449
4449
4449
7551
7551
7551
4449
4449
4449
7551
7551
7551
4449
4449
4449
7551
7551
7551
4440
4440
4440
7560
7560
7560
4432
4432
4432
7568
7568
7568
4432
4432
4432
7568
7568
7568
4432
4432
4432
7568
7568
7568
4416
4416
4416
7584
7584
7584
4392
4392
4392
7608
7608
7608
4375
4375
4375
7625
7625
7625
4375
4375
4375
7625
7625
7625
4367
4367
4367
7633
7633
7633
4359
4359
4359
7641
7641
7641
4335
4335
4335
7665
7665
7665
4310
4310
4310
7690
7690
7690
4277
4277
4277
7723
7723
7723
4261
4261
4261
7739
7739
7739
4261
4261
4261
7739
7739
7739
4261
4261
4261
7739
7739
7739
4261
4261
4261
7739
7739
7739
4261
4261
4261
7739
7739
7739
4261
4261
4261
7739
7739
7739
4261
4261
4261
7739
7739
7739
4261
4261
4261
7739
7739
7739
4261
4261
4261
7739
7739
7739
4261
4261
4261
7739
7739
7739
4261
4261
4261
7739
7739
7739
4261
4261
4261
7739
7739
7739
4261
4261
4261
7739
7739
7739
4261
4261
4261
7739
7739
7739
4261
4261
4261
7739
7739
7739
4261
4261
4261
7739
7739
7739
4261
4261
4261
7739
7739
7739
4261
4261
4261
7739
7739
7739
4261
4261
4261
7739
7739
7739
4261
4261
4261
7739
7739
7739
4261
4261
4261
7739
7739
7739
4261
4261
4261
7739
7739
7739
4261
4261
4261
7739
7739
7739
4261
4261
4261
7739
7739
7739
4261
4261
4261
7739
7739
7739
4261
4261
4261
7739
7739
7739
4261
4261
4261
7739
7739
7739
4261
4261
4261
7739
7739
7739
4261
4261
4261
7739
7739
7739
4261
4261
4261
7739
7739
7739
4261
4261
4261
7739
7739
7739
4261
4261
4261
7739
7739
7739
4261
4261
4261
7739
7739
7739
4261
4261
4261
7739
7739
7739
4261
4261
4261
7739
7739
7739
4261
4261
4261
7739
7739
7739
4269
4269
4269
7731
7731
7731
4408
4408
4408
7592
7592
7592
4473
4473
4473
7527
7527
7527
4514
4514
4514
7486
7486
7486
4563
4563
4563
7437
7437
7437
4563
4563
4563
7437
7437
7437
4579
4579
4579
7421
7421
7421
4620
4620
4620
7380
7380
7380
4652
4652
4652
7348
7348
7348
4693
4693
4693
7307
7307
7307
4709
4709
4709
7291
7291
7291
4734
4734
4734
7266
7266
7266
4750
4750
4750
7250
7250
7250
4766
4766
4766
7234
7234
7234
4799
4799
4799
7201
7201
7201
4888
4888
4888
7112
7112
7112
4929
4929
4929
7071
7071
7071
4929
4929
4929
7071
7071
7071
4970
4970
4970
7030
7030
7030
4994
4994
4994
7006
7006
7006
5060
5060
5060
6940
6940
6940
5068
5068
5068
6932
6932
6932
5068
5068
5068
6932
6932
6932
5068
5068
5068
6932
6932
6932
5068
5068
5068
6932
6932
6932
5035
5035
5035
6965
6965
6965
4986
4986
4986
7014
7014
7014
4970
4970
4970
7030
7030
7030
4954
4954
4954
7046
7046
7046
4848
4848
4848
7152
7152
7152
4815
4815
4815
7185
7185
7185
4791
4791
4791
7209
7209
7209
4783
4783
4783
7217
7217
7217
4750
4750
4750
7250
7250
7250
4693
4693
4693
7307
7307
7307
4669
4669
4669
7331
7331
7331
4644
4644
4644
7356
7356
7356
4611
4611
4611
7389
7389
7389
4611
4611
4611
7389
7389
7389
4563
4563
4563
7437
7437
7437
4554
4554
4554
7446
7446
7446
4522
4522
4522
7478
7478
7478
4506
4506
4506
7494
7494
7494
4481
4481
4481
7519
7519
7519
4473
4473
4473
7527
7527
7527
4465
4465
4465
7535
7535
7535
4465
4465
4465
7535
7535
7535
4465
4465
4465
7535
7535
7535
4465
4465
4465
7535
7535
7535
4465
4465
4465
7535
7535
7535
4465
4465
4465
7535
7535
7535
4465
4465
4465
7535
7535
7535
4465
4465
4465
7535
7535
7535
4465
4465
4465
7535
7535
7535
4465
4465
4465
7535
7535
7535
4465
4465
4465
7535
7535
7535
4465
4465
4465
7535
7535
7535
4489
4489
4489
7511
7511
7511
4514
4514
4514
7486
7486
7486
4546
4546
4546
7454
7454
7454
4579
4579
4579
7421
7421
7421
4595
4595
4595
7405
7405
7405
4595
4595
4595
7405
7405
7405
4530
4530
4530
7470
7470
7470
4497
4497
4497
7503
7503
7503
4481
4481
4481
7519
7519
7519
4465
4465
4465
7535
7535
7535
4440
4440
4440
7560
7560
7560
4440
4440
4440
7560
7560
7560
4440
4440
4440
7560
7560
7560
4440
4440
4440
7560
7560
7560
4440
4440
4440
7560
7560
7560
4440
4440
4440
7560
7560
7560
4440
4440
4440
7560
7560
7560
4432
4432
4432
7568
7568
7568
4416
4416
4416
7584
7584
7584
4400
4400
4400
7600
7600
7600
4383
4383
4383
7617
7617
7617
4343
4343
4343
7657
7657
7657
4318
4318
4318
7682
7682
7682
4310
4310
4310
7690
7690
7690
4294
4294
4294
7706
7706
7706
4294
4294
4294
7706
7706
7706
4294
4294
4294
7706
7706
7706
4294
4294
4294
7706
7706
7706
4294
4294
4294
7706
7706
7706
4294
4294
4294
7706
7706
7706
4294
4294
4294
7706
7706
7706
4294
4294
4294
7706
7706
7706
4294
4294
4294
7706
7706
7706
4294
4294
4294
7706
7706
7706
4294
4294
4294
7706
7706
7706
4294
4294
4294
7706
7706
7706
4294
4294
4294
7706
7706
7706
4294
4294
4294
7706
7706
7706
4294
4294
4294
7706
7706
7706
4294
4294
4294
7706
7706
7706
4294
4294
4294
7706
7706
7706
4294
4294
4294
7706
7706
7706
4294
4294
4294
7706
7706
7706
4294
4294
4294
7706
7706
7706
4294
4294
4294
7706
7706
7706
4294
4294
4294
7706
7706
7706
4294
4294
4294
7706
7706
7706
4294
4294
4294
7706
7706
7706
4294
4294
4294
7706
7706
7706
4294
4294
4294
7706
7706
7706
4294
4294
4294
7706
7706
7706
4294
4294
4294
7706
7706
7706
4294
4294
4294
7706
7706
7706
4294
4294
4294
7706
7706
7706
4294
4294
4294
7706
7706
7706
4294
4294
4294
7706
7706
7706
4294
4294
4294
7706
7706
7706
4294
4294
4294
7706
7706
7706
4294
4294
4294
7706
7706
7706
4294
4294
4294
7706
7706
7706
4294
4294
4294
7706
7706
7706
4294
4294
4294
7706
7706
7706
4294
4294
4294
7706
7706
7706
4294
4294
4294
7706
7706
7706
4294
4294
4294
7706
7706
7706
4294
4294
4294
7706
7706
7706
4294
4294
4294
7706
7706
7706
4294
4294
4294
7706
7706
7706
4294
4294
4294
7706
7706
7706
4294
4294
4294
7706
7706
7706
4294
4294
4294
7706
7706
7706
4294
4294
4294
7706
7706
7706
4294
4294
4294
7706
7706
7706
4294
4294
4294
7706
7706
7706
4294
4294
4294
7706
7706
7706
4261
4261
4261
7739
7739
7739
4245
4245
4245
7755
7755
7755
4220
4220
4220
7780
7780
7780
4212
4212
4212
7788
7788
7788
4204
4204
4204
7796
7796
7796
4196
4196
4196
7804
7804
7804
4188
4188
4188
7812
7812
7812
4155
4155
4155
7845
7845
7845
4155
4155
4155
7845
7845
7845
4155
4155
4155
7845
7845
7845
4155
4155
4155
7845
7845
7845
4188
4188
4188
7812
7812
7812
4245
4245
4245
7755
7755
7755
4318
4318
4318
7682
7682
7682
4343
4343
4343
7657
7657
7657
4351
4351
4351
7649
7649
7649
4392
4392
4392
7608
7608
7608
4392
4392
4392
7608
7608
7608
4440
4440
4440
7560
7560
7560
4497
4497
4497
7503
7503
7503
4497
4497
4497
7503
7503
7503
4514
4514
4514
7486
7486
7486
4538
4538
4538
7462
7462
7462
4571
4571
4571
7429
7429
7429
4628
4628
4628
7372
7372
7372
4669
4669
4669
7331
7331
7331
4701
4701
4701
7299
7299
7299
4701
4701
4701
7299
7299
7299
4709
4709
4709
7291
7291
7291
4742
4742
4742
7258
7258
7258
4766
4766
4766
7234
7234
7234
4840
4840
4840
7160
7160
7160
4888
4888
4888
7112
7112
7112
4897
4897
4897
7103
7103
7103
4897
4897
4897
7103
7103
7103
4897
4897
4897
7103
7103
7103
4864
4864
4864
7136
7136
7136
4717
4717
4717
7283
7283
7283
4701
4701
4701
7299
7299
7299
4644
4644
4644
7356
7356
7356
4587
4587
4587
7413
7413
7413
4538
4538
4538
7462
7462
7462
4506
4506
4506
7494
7494
7494
4481
4481
4481
7519
7519
7519
4449
4449
4449
7551
7551
7551
4424
4424
4424
7576
7576
7576
4400
4400
4400
7600
7600
7600
4367
4367
4367
7633
7633
7633
4367
4367
4367
7633
7633
7633
4343
4343
4343
7657
7657
7657
4343
4343
4343
7657
7657
7657
4335
4335
4335
7665
7665
7665
4310
4310
4310
7690
7690
7690
4294
4294
4294
7706
7706
7706
4294
4294
4294
7706
7706
7706
4286
4286
4286
7714
7714
7714
4277
4277
4277
7723
7723
7723
4269
4269
4269
7731
7731
7731
4261
4261
4261
7739
7739
7739
4261
4261
4261
7739
7739
7739
4261
4261
4261
7739
7739
7739
4294
4294
4294
7706
7706
7706
4302
4302
4302
7698
7698
7698
4326
4326
4326
7674
7674
7674
4375
4375
4375
7625
7625
7625
4400
4400
4400
7600
7600
7600
4400
4400
4400
7600
7600
7600
4424
4424
4424
7576
7576
7576
4424
4424
4424
7576
7576
7576
4424
4424
4424
7576
7576
7576
4424
4424
4424
7576
7576
7576
4424
4424
4424
7576
7576
7576
4424
4424
4424
7576
7576
7576
4424
4424
4424
7576
7576
7576
4424
4424
4424
7576
7576
7576
4424
4424
4424
7576
7576
7576
4465
4465
4465
7535
7535
7535
4473
4473
4473
7527
7527
7527
4506
4506
4506
7494
7494
7494
4522
4522
4522
7478
7478
7478
4530
4530
4530
7470
7470
7470
4530
4530
4530
7470
7470
7470
4530
4530
4530
7470
7470
7470
4530
4530
4530
7470
7470
7470
4538
4538
4538
7462
7462
7462
4554
4554
4554
7446
7446
7446
4554
4554
4554
7446
7446
7446
4554
4554
4554
7446
7446
7446
4554
4554
4554
7446
7446
7446
4554
4554
4554
7446
7446
7446
4563
4563
4563
7437
7437
7437
4563
4563
4563
7437
7437
7437
4563
4563
4563
7437
7437
7437
4563
4563
4563
7437
7437
7437
4563
4563
4563
7437
7437
7437
4554
4554
4554
7446
7446
7446
4538
4538
4538
7462
7462
7462
4530
4530
4530
7470
7470
7470
4530
4530
4530
7470
7470
7470
4506
4506
4506
7494
7494
7494
4506
4506
4506
7494
7494
7494
4506
4506
4506
7494
7494
7494
4506
4506
4506
7494
7494
7494
4506
4506
4506
7494
7494
7494
4465
4465
4465
7535
7535
7535
4465
4465
4465
7535
7535
7535
4457
4457
4457
7543
7543
7543
4457
4457
4457
7543
7543
7543
4457
4457
4457
7543
7543
7543
4457
4457
4457
7543
7543
7543
4457
4457
4457
7543
7543
7543
4457
4457
4457
7543
7543
7543
4457
4457
4457
7543
7543
7543
4457
4457
4457
7543
7543
7543
4457
4457
4457
7543
7543
7543
4457
4457
4457
7543
7543
7543
4457
4457
4457
7543
7543
7543
4457
4457
4457
7543
7543
7543
4457
4457
4457
7543
7543
7543
4457
4457
4457
7543
7543
7543
4457
4457
4457
7543
7543
7543
4457
4457
4457
7543
7543
7543
4457
4457
4457
7543
7543
7543
4457
4457
4457
7543
7543
7543
4457
4457
4457
7543
7543
7543
4457
4457
4457
7543
7543
7543
4457
4457
4457
7543
7543
7543
4457
4457
4457
7543
7543
7543
4457
4457
4457
7543
7543
7543
4457
4457
4457
7543
7543
7543
4457
4457
4457
7543
7543
7543
4457
4457
4457
7543
7543
7543
4457
4457
4457
7543
7543
7543
4457
4457
4457
7543
7543
7543
4457
4457
4457
7543
7543
7543
4457
4457
4457
7543
7543
7543
4473
4473
4473
7527
7527
7527
4489
4489
4489
7511
7511
7511
4506
4506
4506
7494
7494
7494
4530
4530
4530
7470
7470
7470
4603
4603
4603
7397
7397
7397
4807
4807
4807
7193
7193
7193
4970
4970
4970
7030
7030
7030
4986
4986
4986
7014
7014
7014
5043
5043
5043
6957
6957
6957
5108
5108
5108
6892
6892
6892
5157
5157
5157
6843
6843
6843
5198
5198
5198
6802
6802
6802
5255
5255
5255
6745
6745
6745
5271
5271
5271
6729
6729
6729
5296
5296
5296
6704
6704
6704
5337
5337
5337
6663
6663
6663
5361
5361
5361
6639
6639
6639
5369
5369
5369
6631
6631
6631
5385
5385
5385
6615
6615
6615
5402
5402
5402
6598
6598
6598
5418
5418
5418
6582
6582
6582
5467
5467
5467
6533
6533
6533
5499
5499
5499
6501
6501
6501
5524
5524
5524
6476
6476
6476
5589
5589
5589
6411
6411
6411
5589
5589
5589
6411
6411
6411
5605
5605
5605
6395
6395
6395
5622
5622
5622
6378
6378
6378
5654
5654
5654
6346
6346
6346
5695
5695
5695
6305
6305
6305
5719
5719
5719
6281
6281
6281
5744
5744
5744
6256
6256
6256
5768
5768
5768
6232
6232
6232
5809
5809
5809
6191
6191
6191
5899
5899
5899
6101
6101
6101
6029
6029
6029
5971
5971
5971
6200
6200
6200
5800
5800
5800
6265
6265
6265
5735
5735
5735
6298
6298
6298
5702
5702
5702
6322
6322
6322
5678
5678
5678
6347
6347
6347
5653
5653
5653
6387
6387
6387
5613
5613
5613
6420
6420
6420
5580
5580
5580
6461
6461
6461
5539
5539
5539
6502
6502
6502
5498
5498
5498
6526
6526
6526
5474
5474
5474
6599
6599
6599
5401
5401
5401
6607
6607
6607
5393
5393
5393
6607
6607
6607
5393
5393
5393
6607
6607
6607
5393
5393
5393
6607
6607
6607
5393
5393
5393
6607
6607
6607
5393
5393
5393
6640
6640
6640
5360
5360
5360
6673
6673
6673
5327
5327
5327
6705
6705
6705
5295
5295
5295
6705
6705
6705
5295
5295
5295
6721
6721
6721
5279
5279
5279
6738
6738
6738
5262
5262
5262
6738
6738
6738
5262
5262
5262
6738
6738
6738
5262
5262
5262
6738
6738
6738
5262
5262
5262
6746
6746
6746
5254
5254
5254
6803
6803
6803
5197
5197
5197
6803
6803
6803
5197
5197
5197
6803
6803
6803
5197
5197
5197
6803
6803
6803
5197
5197
5197
6811
6811
6811
5189
5189
5189
6827
6827
6827
5173
5173
5173
6827
6827
6827
5173
5173
5173
6827
6827
6827
5173
5173
5173
6844
6844
6844
5156
5156
5156
6844
6844
6844
5156
5156
5156
6844
6844
6844
5156
5156
5156
6844
6844
6844
5156
5156
5156
6844
6844
6844
5156
5156
5156
6868
6868
6868
5132
5132
5132
6901
6901
6901
5099
5099
5099
6933
6933
6933
5067
5067
5067
6966
6966
6966
5034
5034
5034
6990
6990
6990
5010
5010
5010
6998
6998
6998
5002
5002
5002
7015
7015
7015
4985
4985
4985
7023
7023
7023
4977
4977
4977
7047
7047
7047
4953
4953
4953
7072
7072
7072
4928
4928
4928
7104
7104
7104
4896
4896
4896
7194
7194
7194
4806
4806
4806
7259
7259
7259
4741
4741
4741
7275
7275
7275
4725
4725
4725
7292
7292
7292
4708
4708
4708
7308
7308
7308
4692
4692
4692
7324
7324
7324
4676
4676
4676
7324
7324
7324
4676
4676
4676
7324
7324
7324
4676
4676
4676
7324
7324
7324
4676
4676
4676
7324
7324
7324
4676
4676
4676
7332
7332
7332
4668
4668
4668
7373
7373
7373
4627
4627
4627
7373
7373
7373
4627
4627
4627
7373
7373
7373
4627
4627
4627
7373
7373
7373
4627
4627
4627
7373
7373
7373
4627
4627
4627
7373
7373
7373
4627
4627
4627
7373
7373
7373
4627
4627
4627
7373
7373
7373
4627
4627
4627
7332
7332
7332
4668
4668
4668
7275
7275
7275
4725
4725
4725
7186
7186
7186
4814
4814
4814
7145
7145
7145
4855
4855
4855
7080
7080
7080
4920
4920
4920
6958
6958
6958
5042
5042
5042
6893
6893
6893
5107
5107
5107
6860
6860
6860
5140
5140
5140
6852
6852
6852
5148
5148
5148
6852
6852
6852
5148
5148
5148
6852
6852
6852
5148
5148
5148
6933
6933
6933
5067
5067
5067
7080
7080
7080
4920
4920
4920
7210
7210
7210
4790
4790
4790
7275
7275
7275
4725
4725
4725
7316
7316
7316
4684
4684
4684
7332
7332
7332
4668
4668
4668
7332
7332
7332
4668
4668
4668
7365
7365
7365
4635
4635
4635
7381
7381
7381
4619
4619
4619
7390
7390
7390
4610
4610
4610
7390
7390
7390
4610
4610
4610
7390
7390
7390
4610
4610
4610
7414
7414
7414
4586
4586
4586
7455
7455
7455
4545
4545
4545
7479
7479
7479
4521
4521
4521
7479
7479
7479
4521
4521
4521
7479
7479
7479
4521
4521
4521
7479
7479
7479
4521
4521
4521
7479
7479
7479
4521
4521
4521
7479
7479
7479
4521
4521
4521
7479
7479
7479
4521
4521
4521
7479
7479
7479
4521
4521
4521
7479
7479
7479
4521
4521
4521
7479
7479
7479
4521
4521
4521
7479
7479
7479
4521
4521
4521
7479
7479
7479
4521
4521
4521
7479
7479
7479
4521
4521
4521
7479
7479
7479
4521
4521
4521
7479
7479
7479
4521
4521
4521
7479
7479
7479
4521
4521
4521
7479
7479
7479
4521
4521
4521
7479
7479
7479
4521
4521
4521
7479
7479
7479
4521
4521
4521
7479
7479
7479
4521
4521
4521
7495
7495
7495
4505
4505
4505
7528
7528
7528
4472
4472
4472
7528
7528
7528
4472
4472
4472
7528
7528
7528
4472
4472
4472
7528
7528
7528
4472
4472
4472
7528
7528
7528
4472
4472
4472
7528
7528
7528
4472
4472
4472
7528
7528
7528
4472
4472
4472
7528
7528
7528
4472
4472
4472
7528
7528
7528
4472
4472
4472
7528
7528
7528
4472
4472
4472
7528
7528
7528
4472
4472
4472
7528
7528
7528
4472
4472
4472
7528
7528
7528
4472
4472
4472
7528
7528
7528
4472
4472
4472
7528
7528
7528
4472
4472
4472
7528
7528
7528
4472
4472
4472
7520
7520
7520
4480
4480
4480
7455
7455
7455
4545
4545
4545
7406
7406
7406
4594
4594
4594
7332
7332
7332
4668
4668
4668
7284
7284
7284
4716
4716
4716
7186
7186
7186
4814
4814
4814
7129
7129
7129
4871
4871
4871
7096
7096
7096
4904
4904
4904
7064
7064
7064
4936
4936
4936
7023
7023
7023
4977
4977
4977
7007
7007
7007
4993
4993
4993
6990
6990
6990
5010
5010
5010
6966
6966
6966
5034
5034
5034
6950
6950
6950
5050
5050
5050
6925
6925
6925
5075
5075
5075
6909
6909
6909
5091
5091
5091
6893
6893
6893
5107
5107
5107
6868
6868
6868
5132
5132
5132
6852
6852
6852
5148
5148
5148
6852
6852
6852
5148
5148
5148
6836
6836
6836
5164
5164
5164
6811
6811
6811
5189
5189
5189
6787
6787
6787
5213
5213
5213
6770
6770
6770
5230
5230
5230
6762
6762
6762
5238
5238
5238
6762
6762
6762
5238
5238
5238
6779
6779
6779
5221
5221
5221
6844
6844
6844
5156
5156
5156
6909
6909
6909
5091
5091
5091
6974
6974
6974
5026
5026
5026
7080
7080
7080
4920
4920
4920
7137
7137
7137
4863
4863
4863
7170
7170
7170
4830
4830
4830
7210
7210
7210
4790
4790
4790
7235
7235
7235
4765
4765
4765
7251
7251
7251
4749
4749
4749
7275
7275
7275
4725
4725
4725
7292
7292
7292
4708
4708
4708
7292
7292
7292
4708
4708
4708
7341
7341
7341
4659
4659
4659
7365
7365
7365
4635
4635
4635
7390
7390
7390
4610
4610
4610
7406
7406
7406
4594
4594
4594
7430
7430
7430
4570
4570
4570
7455
7455
7455
4545
4545
4545
7495
7495
7495
4505
4505
4505
7536
7536
7536
4464
4464
4464
7544
7544
7544
4456
4456
4456
7544
7544
7544
4456
4456
4456
7544
7544
7544
4456
4456
4456
7544
7544
7544
4456
4456
4456
7561
7561
7561
4439
4439
4439
7569
7569
7569
4431
4431
4431
7569
7569
7569
4431
4431
4431
7585
7585
7585
4415
4415
4415
7585
7585
7585
4415
4415
4415
7593
7593
7593
4407
4407
4407
7609
7609
7609
4391
4391
4391
7609
7609
7609
4391
4391
4391
7609
7609
7609
4391
4391
4391
7609
7609
7609
4391
4391
4391
7618
7618
7618
4382
4382
4382
7618
7618
7618
4382
4382
4382
7618
7618
7618
4382
4382
4382
7618
7618
7618
4382
4382
4382
7618
7618
7618
4382
4382
4382
7618
7618
7618
4382
4382
4382
7618
7618
7618
4382
4382
4382
7618
7618
7618
4382
4382
4382
7618
7618
7618
4382
4382
4382
7618
7618
7618
4382
4382
4382
7618
7618
7618
4382
4382
4382
7618
7618
7618
4382
4382
4382
7618
7618
7618
4382
4382
4382
7618
7618
7618
4382
4382
4382
7618
7618
7618
4382
4382
4382
7618
7618
7618
4382
4382
4382
7618
7618
7618
4382
4382
4382
7618
7618
7618
4382
4382
4382
7618
7618
7618
4382
4382
4382
7618
7618
7618
4382
4382
4382
7618
7618
7618
4382
4382
4382
7618
7618
7618
4382
4382
4382
7618
7618
7618
4382
4382
4382
7618
7618
7618
4382
4382
4382
7618
7618
7618
4382
4382
4382
7618
7618
7618
4382
4382
4382
7618
7618
7618
4382
4382
4382
7618
7618
7618
4382
4382
4382
7618
7618
7618
4382
4382
4382
7618
7618
7618
4382
4382
4382
7618
7618
7618
4382
4382
4382
7618
7618
7618
4382
4382
4382
7618
7618
7618
4382
4382
4382
7618
7618
7618
4382
4382
4382
7618
7618
7618
4382
4382
4382
7618
7618
7618
4382
4382
4382
7593
7593
7593
4407
4407
4407
7422
7422
7422
4578
4578
4578
7332
7332
7332
4668
4668
4668
7243
7243
7243
4757
4757
4757
7194
7194
7194
4806
4806
4806
7121
7121
7121
4879
4879
4879
7064
7064
7064
4936
4936
4936
6852
6852
6852
5148
5148
5148
6705
6705
6705
5295
5295
5295
6599
6599
6599
5401
5401
5401
6502
6502
6502
5498
5498
5498
6493
6493
6493
5507
5507
5507
6485
6485
6485
5515
5515
5515
6485
6485
6485
5515
5515
5515
6485
6485
6485
5515
5515
5515
6485
6485
6485
5515
5515
5515
6485
6485
6485
5515
5515
5515
6485
6485
6485
5515
5515
5515
6461
6461
6461
5539
5539
5539
6428
6428
6428
5572
5572
5572
6355
6355
6355
5645
5645
5645
6298
6298
6298
5702
5702
5702
6241
6241
6241
5759
5759
5759
6192
6192
6192
5808
5808
5808
6078
6078
6078
5922
5922
5922
5980
5980
5980
6020
6020
6020
5956
5956
5956
6044
6044
6044
5923
5923
5923
6077
6077
6077
5899
5899
5899
6101
6101
6101
5874
5874
5874
6126
6126
6126
5833
5833
5833
6167
6167
6167
5744
5744
5744
6256
6256
6256
5646
5646
5646
6354
6354
6354
5508
5508
5508
6492
6492
6492
5394
5394
5394
6606
6606
6606
5255
5255
5255
6745
6745
6745
5133
5133
5133
6867
6867
6867
5092
5092
5092
6908
6908
6908
4986
4986
4986
7014
7014
7014
4905
4905
4905
7095
7095
7095
4856
4856
4856
7144
7144
7144
4734
4734
4734
7266
7266
7266
4669
4669
4669
7331
7331
7331
4571
4571
4571
7429
7429
7429
4530
4530
4530
7470
7470
7470
4481
4481
4481
7519
7519
7519
4416
4416
4416
7584
7584
7584
4392
4392
4392
7608
7608
7608
4375
4375
4375
7625
7625
7625
4375
4375
4375
7625
7625
7625
4375
4375
4375
7625
7625
7625
4375
4375
4375
7625
7625
7625
4375
4375
4375
7625
7625
7625
4375
4375
4375
7625
7625
7625
4375
4375
4375
7625
7625
7625
4375
4375
4375
7625
7625
7625
4375
4375
4375
7625
7625
7625
4375
4375
4375
7625
7625
7625
4375
4375
4375
7625
7625
7625
4375
4375
4375
7625
7625
7625
4375
4375
4375
7625
7625
7625
4375
4375
4375
7625
7625
7625
4375
4375
4375
7625
7625
7625
4375
4375
4375
7625
7625
7625
4375
4375
4375
7625
7625
7625
4375
4375
4375
7625
7625
7625
4375
4375
4375
7625
7625
7625
4375
4375
4375
7625
7625
7625
4375
4375
4375
7625
7625
7625
4375
4375
4375
7625
7625
7625
4375
4375
4375
7625
7625
7625
4375
4375
4375
7625
7625
7625
4375
4375
4375
7625
7625
7625
4375
4375
4375
7625
7625
7625
4375
4375
4375
7625
7625
7625
4375
4375
4375
7625
7625
7625
4375
4375
4375
7625
7625
7625
4383
4383
4383
7617
7617
7617
4408
4408
4408
7592
7592
7592
4440
4440
4440
7560
7560
7560
4457
4457
4457
7543
7543
7543
4457
4457
4457
7543
7543
7543
4465
4465
4465
7535
7535
7535
4481
4481
4481
7519
7519
7519
4481
4481
4481
7519
7519
7519
4481
4481
4481
7519
7519
7519
4506
4506
4506
7494
7494
7494
4514
4514
4514
7486
7486
7486
4546
4546
4546
7454
7454
7454
4563
4563
4563
7437
7437
7437
4620
4620
4620
7380
7380
7380
4636
4636
4636
7364
7364
7364
4644
4644
4644
7356
7356
7356
4644
4644
4644
7356
7356
7356
4644
4644
4644
7356
7356
7356
4644
4644
4644
7356
7356
7356
4677
4677
4677
7323
7323
7323
4709
4709
4709
7291
7291
7291
4750
4750
4750
7250
7250
7250
4848
4848
4848
7152
7152
7152
4864
4864
4864
7136
7136
7136
4864
4864
4864
7136
7136
7136
4880
4880
4880
7120
7120
7120
4897
4897
4897
7103
7103
7103
4913
4913
4913
7087
7087
7087
4937
4937
4937
7063
7063
7063
4954
4954
4954
7046
7046
7046
5003
5003
5003
6997
6997
6997
5182
5182
5182
6818
6818
6818
5206
5206
5206
6794
6794
6794
5206
5206
5206
6794
6794
6794
5231
5231
5231
6769
6769
6769
5231
5231
5231
6769
6769
6769
5231
5231
5231
6769
6769
6769
5247
5247
5247
6753
6753
6753
5247
5247
5247
6753
6753
6753
5247
5247
5247
6753
6753
6753
5247
5247
5247
6753
6753
6753
5214
5214
5214
6786
6786
6786
4962
4962
4962
7038
7038
7038
4823
4823
4823
7177
7177
7177
4815
4815
4815
7185
7185
7185
4815
4815
4815
7185
7185
7185
4815
4815
4815
7185
7185
7185
4815
4815
4815
7185
7185
7185
4815
4815
4815
7185
7185
7185
4815
4815
4815
7185
7185
7185
4815
4815
4815
7185
7185
7185
4815
4815
4815
7185
7185
7185
4831
4831
4831
7169
7169
7169
4864
4864
4864
7136
7136
7136
4937
4937
4937
7063
7063
7063
5011
5011
5011
6989
6989
6989
5027
5027
5027
6973
6973
6973
5051
5051
5051
6949
6949
6949
5076
5076
5076
6924
6924
6924
5076
5076
5076
6924
6924
6924
5076
5076
5076
6924
6924
6924
5076
5076
5076
6924
6924
6924
5076
5076
5076
6924
6924
6924
5076
5076
5076
6924
6924
6924
5076
5076
5076
6924
6924
6924
5076
5076
5076
6924
6924
6924
5076
5076
5076
6924
6924
6924
5076
5076
5076
6924
6924
6924
5076
5076
5076
6924
6924
6924
5076
5076
5076
6924
6924
6924
5076
5076
5076
6924
6924
6924
5076
5076
5076
6924
6924
6924
5076
5076
5076
6924
6924
6924
5076
5076
5076
6924
6924
6924
5076
5076
5076
6924
6924
6924
5076
5076
5076
6924
6924
6924
5076
5076
5076
6924
6924
6924
5076
5076
5076
6924
6924
6924
5076
5076
5076
6924
6924
6924
5076
5076
5076
6924
6924
6924
5076
5076
5076
6924
6924
6924
5076
5076
5076
6924
6924
6924
5076
5076
5076
6924
6924
6924
5076
5076
5076
6924
6924
6924
5076
5076
5076
6924
6924
6924
5076
5076
5076
6924
6924
6924
5076
5076
5076
6924
6924
6924
5076
5076
5076
6924
6924
6924
5076
5076
5076
6924
6924
6924
5076
5076
5076
6924
6924
6924
5076
5076
5076
6924
6924
6924
5076
5076
5076
6924
6924
6924
5076
5076
5076
6924
6924
6924
5076
5076
5076
6924
6924
6924
5092
5092
5092
6908
6908
6908
5100
5100
5100
6900
6900
6900
5100
5100
5100
6900
6900
6900
5108
5108
5108
6892
6892
6892
5133
5133
5133
6867
6867
6867
5182
5182
5182
6818
6818
6818
5182
5182
5182
6818
6818
6818
5198
5198
5198
6802
6802
6802
5222
5222
5222
6778
6778
6778
5328
5328
5328
6672
6672
6672
5467
5467
5467
6533
6533
6533
5516
5516
5516
6484
6484
6484
5671
5671
5671
6329
6329
6329
5711
5711
5711
6289
6289
6289
5793
5793
5793
6207
6207
6207
5923
5923
5923
6077
6077
6077
5964
5964
5964
6036
6036
6036
6013
6013
6013
5987
5987
5987
6062
6062
6062
5938
5938
5938
6110
6110
6110
5890
5890
5890
6192
6192
6192
5808
5808
5808
6216
6216
6216
5784
5784
5784
6257
6257
6257
5743
5743
5743
6290
6290
6290
5710
5710
5710
6371
6371
6371
5629
5629
5629
6461
6461
6461
5539
5539
5539
6510
6510
6510
5490
5490
5490
6518
6518
6518
5482
5482
5482
6550
6550
6550
5450
5450
5450
6624
6624
6624
5376
5376
5376
6664
6664
6664
5336
5336
5336
6664
6664
6664
5336
5336
5336
6664
6664
6664
5336
5336
5336
6689
6689
6689
5311
5311
5311
6738
6738
6738
5262
5262
5262
6762
6762
6762
5238
5238
5238
6762
6762
6762
5238
5238
5238
6803
6803
6803
5197
5197
5197
6819
6819
6819
5181
5181
5181
6860
6860
6860
5140
5140
5140
6876
6876
6876
5124
5124
5124
6876
6876
6876
5124
5124
5124
6876
6876
6876
5124
5124
5124
6884
6884
6884
5116
5116
5116
6901
6901
6901
5099
5099
5099
6917
6917
6917
5083
5083
5083
6941
6941
6941
5059
5059
5059
6958
6958
6958
5042
5042
5042
6982
6982
6982
5018
5018
5018
7015
7015
7015
4985
4985
4985
7137
7137
7137
4863
4863
4863
7186
7186
7186
4814
4814
4814
7186
7186
7186
4814
4814
4814
7186
7186
7186
4814
4814
4814
7186
7186
7186
4814
4814
4814
7186
7186
7186
4814
4814
4814
7186
7186
7186
4814
4814
4814
7186
7186
7186
4814
4814
4814
7210
7210
7210
4790
4790
4790
7218
7218
7218
4782
4782
4782
7235
7235
7235
4765
4765
4765
7251
7251
7251
4749
4749
4749
7267
7267
7267
4733
4733
4733
7267
7267
7267
4733
4733
4733
7267
7267
7267
4733
4733
4733
7275
7275
7275
4725
4725
4725
7284
7284
7284
4716
4716
4716
7284
7284
7284
4716
4716
4716
7284
7284
7284
4716
4716
4716
7284
7284
7284
4716
4716
4716
7284
7284
7284
4716
4716
4716
7284
7284
7284
4716
4716
4716
7284
7284
7284
4716
4716
4716
7284
7284
7284
4716
4716
4716
7284
7284
7284
4716
4716
4716
7284
7284
7284
4716
4716
4716
7284
7284
7284
4716
4716
4716
7284
7284
7284
4716
4716
4716
7284
7284
7284
4716
4716
4716
7284
7284
7284
4716
4716
4716
7284
7284
7284
4716
4716
4716
7284
7284
7284
4716
4716
4716
7284
7284
7284
4716
4716
4716
7284
7284
7284
4716
4716
4716
7284
7284
7284
4716
4716
4716
7235
7235
7235
4765
4765
4765
7121
7121
7121
4879
4879
4879
6933
6933
6933
5067
5067
5067
6901
6901
6901
5099
5099
5099
6803
6803
6803
5197
5197
5197
6803
6803
6803
5197
5197
5197
6803
6803
6803
5197
5197
5197
6811
6811
6811
5189
5189
5189
6844
6844
6844
5156
5156
5156
6884
6884
6884
5116
5116
5116
6909
6909
6909
5091
5091
5091
6925
6925
6925
5075
5075
5075
6925
6925
6925
5075
5075
5075
6925
6925
6925
5075
5075
5075
6836
6836
6836
5164
5164
5164
6836
6836
6836
5164
5164
5164
6836
6836
6836
5164
5164
5164
6819
6819
6819
5181
5181
5181
6795
6795
6795
5205
5205
5205
6795
6795
6795
5205
5205
5205
6795
6795
6795
5205
5205
5205
6795
6795
6795
5205
5205
5205
6803
6803
6803
5197
5197
5197
6819
6819
6819
5181
5181
5181
6819
6819
6819
5181
5181
5181
6819
6819
6819
5181
5181
5181
6803
6803
6803
5197
5197
5197
6762
6762
6762
5238
5238
5238
6583
6583
6583
5417
5417
5417
6396
6396
6396
5604
5604
5604
6216
6216
6216
5784
5784
5784
6110
6110
6110
5890
5890
5890
6062
6062
6062
5938
5938
5938
6045
6045
6045
5955
5955
5955
5972
5972
5972
6028
6028
6028
5907
5907
5907
6093
6093
6093
5744
5744
5744
6256
6256
6256
5581
5581
5581
6419
6419
6419
5483
5483
5483
6517
6517
6517
5394
5394
5394
6606
6606
6606
5337
5337
5337
6663
6663
6663
5288
5288
5288
6712
6712
6712
5255
5255
5255
6745
6745
6745
5141
5141
5141
6859
6859
6859
5108
5108
5108
6892
6892
6892
5108
5108
5108
6892
6892
6892
5108
5108
5108
6892
6892
6892
5108
5108
5108
6892
6892
6892
5108
5108
5108
6892
6892
6892
5108
5108
5108
6892
6892
6892
5108
5108
5108
6892
6892
6892
5108
5108
5108
6892
6892
6892
5108
5108
5108
6892
6892
6892
5108
5108
5108
6892
6892
6892
5108
5108
5108
6892
6892
6892
5108
5108
5108
6892
6892
6892
5108
5108
5108
6892
6892
6892
5108
5108
5108
6892
6892
6892
5108
5108
5108
6892
6892
6892
5108
5108
5108
6892
6892
6892
5108
5108
5108
6892
6892
6892
5108
5108
5108
6892
6892
6892
5108
5108
5108
6892
6892
6892
5108
5108
5108
6892
6892
6892
5108
5108
5108
6892
6892
6892
5108
5108
5108
6892
6892
6892
5108
5108
5108
6892
6892
6892
5108
5108
5108
6892
6892
6892
5108
5108
5108
6892
6892
6892
5108
5108
5108
6892
6892
6892
5108
5108
5108
6892
6892
6892
5108
5108
5108
6892
6892
6892
5108
5108
5108
6892
6892
6892
5108
5108
5108
6892
6892
6892
4685
4685
4685
7315
7315
7315
4652
4652
4652
7348
7348
7348
4644
4644
4644
7356
7356
7356
4644
4644
4644
7356
7356
7356
4644
4644
4644
7356
7356
7356
4644
4644
4644
7356
7356
7356
4644
4644
4644
7356
7356
7356
4636
4636
4636
7364
7364
7364
4636
4636
4636
7364
7364
7364
4636
4636
4636
7364
7364
7364
4620
4620
4620
7380
7380
7380
4603
4603
4603
7397
7397
7397
4579
4579
4579
7421
7421
7421
4546
4546
4546
7454
7454
7454
4514
4514
4514
7486
7486
7486
4497
4497
4497
7503
7503
7503
4481
4481
4481
7519
7519
7519
4457
4457
4457
7543
7543
7543
4440
4440
4440
7560
7560
7560
4424
4424
4424
7576
7576
7576
4424
4424
4424
7576
7576
7576
4424
4424
4424
7576
7576
7576
4424
4424
4424
7576
7576
7576
4424
4424
4424
7576
7576
7576
4424
4424
4424
7576
7576
7576
4424
4424
4424
7576
7576
7576
4424
4424
4424
7576
7576
7576
4424
4424
4424
7576
7576
7576
4424
4424
4424
7576
7576
7576
4424
4424
4424
7576
7576
7576
4424
4424
4424
7576
7576
7576
4424
4424
4424
7576
7576
7576
4424
4424
4424
7576
7576
7576
4424
4424
4424
7576
7576
7576
4424
4424
4424
7576
7576
7576
4424
4424
4424
7576
7576
7576
4424
4424
4424
7576
7576
7576
4424
4424
4424
7576
7576
7576
4424
4424
4424
7576
7576
7576
4424
4424
4424
7576
7576
7576
4424
4424
4424
7576
7576
7576
4424
4424
4424
7576
7576
7576
4424
4424
4424
7576
7576
7576
4424
4424
4424
7576
7576
7576
4440
4440
4440
7560
7560
7560
4440
4440
4440
7560
7560
7560
4440
4440
4440
7560
7560
7560
4440
4440
4440
7560
7560
7560
4457
4457
4457
7543
7543
7543
4457
4457
4457
7543
7543
7543
4457
4457
4457
7543
7543
7543
4457
4457
4457
7543
7543
7543
4457
4457
4457
7543
7543
7543
4457
4457
4457
7543
7543
7543
4457
4457
4457
7543
7543
7543
4457
4457
4457
7543
7543
7543
4457
4457
4457
7543
7543
7543
4457
4457
4457
7543
7543
7543
4457
4457
4457
7543
7543
7543
4457
4457
4457
7543
7543
7543
4457
4457
4457
7543
7543
7543
4457
4457
4457
7543
7543
7543
4465
4465
4465
7535
7535
7535
4481
4481
4481
7519
7519
7519
4481
4481
4481
7519
7519
7519
4481
4481
4481
7519
7519
7519
4489
4489
4489
7511
7511
7511
4506
4506
4506
7494
7494
7494
4579
4579
4579
7421
7421
7421
4774
4774
4774
7226
7226
7226
4840
4840
4840
7160
7160
7160
4880
4880
4880
7120
7120
7120
4921
4921
4921
7079
7079
7079
4978
4978
4978
7022
7022
7022
5060
5060
5060
6940
6940
6940
5125
5125
5125
6875
6875
6875
5149
5149
5149
6851
6851
6851
5157
5157
5157
6843
6843
6843
5190
5190
5190
6810
6810
6810
5222
5222
5222
6778
6778
6778
5280
5280
5280
6720
6720
6720
5402
5402
5402
6598
6598
6598
5508
5508
5508
6492
6492
6492
5654
5654
5654
6346
6346
6346
5785
5785
5785
6215
6215
6215
5923
5923
5923
6077
6077
6077
5939
5939
5939
6061
6061
6061
5964
5964
5964
6036
6036
6036
5988
5988
5988
6012
6012
6012
6005
6005
6005
5995
5995
5995
6045
6045
6045
5955
5955
5955
6086
6086
6086
5914
5914
5914
6151
6151
6151
5849
5849
5849
6216
6216
6216
5784
5784
5784
6257
6257
6257
5743
5743
5743
6290
6290
6290
5710
5710
5710
6290
6290
6290
5710
5710
5710
6306
6306
6306
5694
5694
5694
6322
6322
6322
5678
5678
5678
6347
6347
6347
5653
5653
5653
6347
6347
6347
5653
5653
5653
6347
6347
6347
5653
5653
5653
6363
6363
6363
5637
5637
5637
6387
6387
6387
5613
5613
5613
6412
6412
6412
5588
5588
5588
6444
6444
6444
5556
5556
5556
6469
6469
6469
5531
5531
5531
6493
6493
6493
5507
5507
5507
6550
6550
6550
5450
5450
5450
6599
6599
6599
5401
5401
5401
6624
6624
6624
5376
5376
5376
6673
6673
6673
5327
5327
5327
6713
6713
6713
5287
5287
5287
6754
6754
6754
5246
5246
5246
6795
6795
6795
5205
5205
5205
6827
6827
6827
5173
5173
5173
6868
6868
6868
5132
5132
5132
6917
6917
6917
5083
5083
5083
6998
6998
6998
5002
5002
5002
7064
7064
7064
4936
4936
4936
7113
7113
7113
4887
4887
4887
7202
7202
7202
4798
4798
4798
7243
7243
7243
4757
4757
4757
7308
7308
7308
4692
4692
4692
7373
7373
7373
4627
4627
4627
7381
7381
7381
4619
4619
4619
7398
7398
7398
4602
4602
4602
7398
7398
7398
4602
4602
4602
7398
7398
7398
4602
4602
4602
7398
7398
7398
4602
4602
4602
7398
7398
7398
4602
4602
4602
7398
7398
7398
4602
4602
4602
7398
7398
7398
4602
4602
4602
7398
7398
7398
4602
4602
4602
7398
7398
7398
4602
4602
4602
7430
7430
7430
4570
4570
4570
7447
7447
7447
4553
4553
4553
7447
7447
7447
4553
4553
4553
7471
7471
7471
4529
4529
4529
7471
7471
7471
4529
4529
4529
7471
7471
7471
4529
4529
4529
7479
7479
7479
4521
4521
4521
7495
7495
7495
4505
4505
4505
7495
7495
7495
4505
4505
4505
7504
7504
7504
4496
4496
4496
7504
7504
7504
4496
4496
4496
7504
7504
7504
4496
4496
4496
7504
7504
7504
4496
4496
4496
7512
7512
7512
4488
4488
4488
7512
7512
7512
4488
4488
4488
7512
7512
7512
4488
4488
4488
7512
7512
7512
4488
4488
4488
7512
7512
7512
4488
4488
4488
7512
7512
7512
4488
4488
4488
7544
7544
7544
4456
4456
4456
7561
7561
7561
4439
4439
4439
7569
7569
7569
4431
4431
4431
7601
7601
7601
4399
4399
4399
7601
7601
7601
4399
4399
4399
7601
7601
7601
4399
4399
4399
7601
7601
7601
4399
4399
4399
7601
7601
7601
4399
4399
4399
7601
7601
7601
4399
4399
4399
7601
7601
7601
4399
4399
4399
7601
7601
7601
4399
4399
4399
7601
7601
7601
4399
4399
4399
7601
7601
7601
4399
4399
4399
7601
7601
7601
4399
4399
4399
7601
7601
7601
4399
4399
4399
7601
7601
7601
4399
4399
4399
7601
7601
7601
4399
4399
4399
7601
7601
7601
4399
4399
4399
7601
7601
7601
4399
4399
4399
7601
7601
7601
4399
4399
4399
7601
7601
7601
4399
4399
4399
7601
7601
7601
4399
4399
4399
7601
7601
7601
4399
4399
4399
7601
7601
7601
4399
4399
4399
7601
7601
7601
4399
4399
4399
7601
7601
7601
4399
4399
4399
7601
7601
7601
4399
4399
4399
7601
7601
7601
4399
4399
4399
7601
7601
7601
4399
4399
4399
7601
7601
7601
4399
4399
4399
7601
7601
7601
4399
4399
4399
7601
7601
7601
4399
4399
4399
7601
7601
7601
4399
4399
4399
7601
7601
7601
4399
4399
4399
7601
7601
7601
4399
4399
4399
7601
7601
7601
4399
4399
4399
7601
7601
7601
4399
4399
4399
7601
7601
7601
4399
4399
4399
7601
7601
7601
4399
4399
4399
7601
7601
7601
4399
4399
4399
7601
7601
7601
4399
4399
4399
7601
7601
7601
4399
4399
4399
7601
7601
7601
4399
4399
4399
7601
7601
7601
4399
4399
4399
7601
7601
7601
4399
4399
4399
